3.134176976043383474e+05
0.000000000000000000e+00
-1.098867445428088649e+04
0.000000000000000000e+00
3.553030937965640987e+03
0.000000000000000000e+00
-1.340781922704250064e+03
0.000000000000000000e+00
6.758142428787499512e+02
0.000000000000000000e+00
-3.603010209304487717e+02
0.000000000000000000e+00
1.682680451816863467e+02
0.000000000000000000e+00
-1.148118686324333311e+02
0.000000000000000000e+00
6.451334078468478594e+01
0.000000000000000000e+00
1.178558309340337047e+02
0.000000000000000000e+00
5.678400755591720781e+02
0.000000000000000000e+00
-3.286375052135180397e+01
0.000000000000000000e+00
1.743826760025384374e+03
0.000000000000000000e+00
-3.872822142889158386e+02
0.000000000000000000e+00
2.364986692464143516e+02
0.000000000000000000e+00
-1.242880269038603984e+02
