3.134193837798458408e+05
0.000000000000000000e+00
-3.865257271138895590e+01
-1.098862190425116387e+04
0.000000000000000000e+00
1.115597039926480647e+04
0.000000000000000000e+00
-8.238720033417186528e+01
0.000000000000000000e+00
-3.238852539699647082e+01
3.552704512926326061e+03
0.000000000000000000e+00
-2.821199392415170678e+03
0.000000000000000000e+00
3.920761872492342263e+03
0.000000000000000000e+00
2.913583572830979662e+01
0.000000000000000000e+00
-4.606516875528892285e+01
0.000000000000000000e+00
-2.637496823972233528e+01
-1.340702684152021220e+03
0.000000000000000000e+00
1.122404000627556115e+03
0.000000000000000000e+00
-1.083862574284266202e+03
0.000000000000000000e+00
1.539145355356905384e+03
0.000000000000000000e+00
-1.384803365285451271e+01
0.000000000000000000e+00
2.133009492094384285e+01
0.000000000000000000e+00
-2.114166093315526496e+01
0.000000000000000000e+00
-2.758352756067912637e+01
6.759020725629671915e+02
0.000000000000000000e+00
-5.632331432688312134e+02
0.000000000000000000e+00
4.800842451425131117e+02
0.000000000000000000e+00
-5.200732487087684603e+02
0.000000000000000000e+00
8.076336906300209648e+02
0.000000000000000000e+00
8.152406076322707307e+00
0.000000000000000000e+00
-1.511582830088411455e+01
0.000000000000000000e+00
1.633675532733380820e+01
0.000000000000000000e+00
-1.425949295503635916e+01
0.000000000000000000e+00
-1.816941352931337761e+01
-3.602980664591902382e+02
0.000000000000000000e+00
2.846269791569327481e+02
0.000000000000000000e+00
-2.658426266718718125e+02
0.000000000000000000e+00
2.462557719741683968e+02
0.000000000000000000e+00
-2.763001508043758463e+02
0.000000000000000000e+00
4.684914171834973331e+02
0.000000000000000000e+00
-5.170564125551456947e+00
0.000000000000000000e+00
9.264827335698816668e+00
0.000000000000000000e+00
-1.177516505718560325e+01
0.000000000000000000e+00
1.073516153761909386e+01
0.000000000000000000e+00
-8.404625254177107152e+00
0.000000000000000000e+00
-1.559593737820590675e+01
1.682260374759996751e+02
0.000000000000000000e+00
-1.502172020688384464e+02
0.000000000000000000e+00
1.291553535244429440e+02
0.000000000000000000e+00
-1.249287545986687604e+02
0.000000000000000000e+00
1.261857004013293420e+02
0.000000000000000000e+00
-1.411663114936986574e+02
0.000000000000000000e+00
2.479277484892638199e+02
0.000000000000000000e+00
3.393160349854536406e+00
0.000000000000000000e+00
-5.902265905612296137e+00
0.000000000000000000e+00
8.095047008008998901e+00
0.000000000000000000e+00
-9.042429930220617251e+00
0.000000000000000000e+00
7.806896409782041246e+00
0.000000000000000000e+00
-5.507640156438186274e+00
0.000000000000000000e+00
-1.274479706421362657e+01
-1.148381549704701712e+02
0.000000000000000000e+00
9.571802966230382026e+01
0.000000000000000000e+00
-8.817362535643779609e+01
0.000000000000000000e+00
8.198026175471248678e+01
0.000000000000000000e+00
-7.896145189365223871e+01
0.000000000000000000e+00
8.105598095305504103e+01
0.000000000000000000e+00
-8.769644816745569926e+01
0.000000000000000000e+00
1.617278185024721324e+02
0.000000000000000000e+00
-2.218299087490317234e+00
0.000000000000000000e+00
3.939693896630027226e+00
0.000000000000000000e+00
-5.535743550059050833e+00
0.000000000000000000e+00
6.471726332629773815e+00
0.000000000000000000e+00
-8.457698811204211964e+00
0.000000000000000000e+00
4.605578085540964928e+00
0.000000000000000000e+00
-4.029226288504241360e+00
0.000000000000000000e+00
-1.076935934914231119e+01
6.450371527806194649e+01
0.000000000000000000e+00
-5.810597596661160225e+01
0.000000000000000000e+00
5.258853849776959066e+01
0.000000000000000000e+00
-4.781681244720056867e+01
0.000000000000000000e+00
4.309811898361693494e+01
0.000000000000000000e+00
-4.367064646958120022e+01
0.000000000000000000e+00
4.543976443406989318e+01
0.000000000000000000e+00
-5.524540575409919541e+01
0.000000000000000000e+00
1.505737982577617817e+00
0.000000000000000000e+00
-3.087854251645607118e+00
0.000000000000000000e+00
2.974953447379109939e+00
0.000000000000000000e+00
-4.517827715323197602e+00
0.000000000000000000e+00
5.209660957972673145e+00
0.000000000000000000e+00
-6.366209959761868653e+00
0.000000000000000000e+00
2.654068791678747097e+00
1.178531691875515435e+02
0.000000000000000000e+00
3.980095546772897706e+02
0.000000000000000000e+00
4.023700119743702999e+02
0.000000000000000000e+00
1.804318561447722118e+02
0.000000000000000000e+00
-2.124088299372435706e+00
0.000000000000000000e+00
-7.138510760642648734e+01
0.000000000000000000e+00
-1.441263436397732676e+02
0.000000000000000000e+00
-1.102688911867301869e+01
0.000000000000000000e+00
-1.380206662301724307e+01
0.000000000000000000e+00
-3.362728239230720106e+01
0.000000000000000000e+00
-8.248867686574635627e+01
0.000000000000000000e+00
-8.577475067869035286e+01
0.000000000000000000e+00
-3.273404162006276863e+01
5.677810208937864900e+02
0.000000000000000000e+00
2.645025006158714405e+02
0.000000000000000000e+00
2.295507711774009465e+02
0.000000000000000000e+00
-7.471632196672112514e+01
0.000000000000000000e+00
6.584462755003313816e+01
0.000000000000000000e+00
1.047213452201544612e+02
0.000000000000000000e+00
-7.905951596947187454e+01
0.000000000000000000e+00
-1.082042936527620327e+02
0.000000000000000000e+00
-4.960088786640564074e+00
0.000000000000000000e+00
5.256513177563012107e+01
0.000000000000000000e+00
1.715532811452246520e+01
-3.290028068024759023e+01
0.000000000000000000e+00
6.786912850575254197e+01
0.000000000000000000e+00
5.877766396737641230e+01
0.000000000000000000e+00
1.737646848873905583e+02
0.000000000000000000e+00
3.768899885388632409e+00
0.000000000000000000e+00
-7.206366058239939321e+01
0.000000000000000000e+00
-1.946121820251671153e+01
0.000000000000000000e+00
-5.258801112690785118e+01
0.000000000000000000e+00
-7.588752077565875709e+01
1.743610732692844749e+03
0.000000000000000000e+00
-2.368130940415322527e+02
0.000000000000000000e+00
-8.588743525071752174e+02
0.000000000000000000e+00
2.736444969234784139e+02
0.000000000000000000e+00
3.706270273610866894e+01
0.000000000000000000e+00
-4.276542145181651478e+01
0.000000000000000000e+00
-2.977065417009139736e+01
-3.872858476865635566e+02
0.000000000000000000e+00
1.256389072528190241e+02
0.000000000000000000e+00
2.643317175272804889e+02
0.000000000000000000e+00
-4.832408072356993500e+01
0.000000000000000000e+00
3.497828630897791413e+01
2.365045283827717810e+02
0.000000000000000000e+00
-8.381564610939047100e+01
0.000000000000000000e+00
2.270950280410188782e+01
-1.241972019397841649e+02
